hotel(3, 20, 5, [(2,100,20),(2,150,30),(3,150,30)],[(2,1,3,100),(2,1,2,150),(4,2,3,500)], Inc).
-> vysledok: 540
hotel(3, 20, 5, [(2,100,20),(2,150,30),(3,150,30)],[(2,1,3,100),(2,1,2,150),(4,2,3,200)], Inc).
-> vysledok: 280
hotel(15, 200, 50, [(2,300,50),(2,300,50),(2,300,50),(2,300,50),(2,300,50),(3,400,50),(3,400,50),(3,400,50),(3,400,50),(3,400,50),(2,600,100),(2,600,100),(2,600,100),(2,600,100)],[(4,2,5,700),(6,3,8,1500),(6,4,10,1600),(2,1,10,1000),(30,8,15,5500)], Inc).
-> vysledok: 50650 
hotel(15, 200, 50, [(2,300,50),(2,300,50),(2,300,50),(2,300,50),(2,300,50),(3,400,50),(3,400,50),(3,400,50),(3,400,50),(3,400,50),(2,600,100),(2,600,100),(2,600,100)],[(4,2,5,700),(6,3,8,1500),(6,4,10,1600),(2,1,10,1000),(30,8,15,5500)], Inc).
-> vysledok: 45150
hotel(15, 200, 50, [(2,300,50),(2,300,50),(2,300,50),(2,300,50),(2,300,50),(3,400,50),(3,400,50),(3,400,50),(3,400,50),(3,400,50),(2,600,100),(2,600,100),(2,600,100)],[(4,2,5,700),(6,3,8,1500),(6,4,10,1600),(2,1,10,1000),(10,8,15,1500)], Inc).
-> vysledok: 37450
hotel(15, 200, 50, [(2,300,50),(2,300,50),(2,300,50),(3,400,50),(3,400,50),(3,400,50),(2,600,100),(2,600,100),(2,600,100)],[(4,2,5,700),(6,3,8,1500),(6,4,10,1600),(2,1,10,1000),(10,8,15,1500)], Inc).
-> vysledok: 34100
